0 9 20 32 50 60 70 80 66 
9 0 12 27 42 52 62 72 60 
20 12 0 20 30 40 50 60 48 
32 27 20 0 25 30 40 50 65 
50 42 30 25 0 25 30 35 47 
60 52 40 30 25 0 10 20 35 
70 62 50 40 30 10 0 30 45 
80 72 60 50 35 20 30 0 30 
66 60 48 65 47 35 45 30 0 
